original crowdhuman_yolov5m.pt  ckpt.t7  --class 0

         MOTA  MOTP  IDF1  IDP   IDR   Rcll  Prcn  TP    FP    FN    MTR   PTR   MLR   MT  PT  ML  FAR  FM   FMR   IDSW IDSWR
MOT16-02 33.64 76.37 35.17 55.49 25.74 40.40 87.09  7205  1068 10628 12.96 38.89 40.74   7  21  22 1.78  402  9.95 138   3.4 
MOT16-04 60.66 76.07 65.39 70.71 60.82 73.43 85.37 34921  5983 12636 39.76 30.12 15.66  33  25  13 5.70  540  7.35  90   1.2 
MOT16-05 51.53 76.30 42.51 45.86 39.62 69.55 80.51  4742  1148  2076 36.00 54.40  9.60  45  68  12 1.37  292  4.20  81   1.2 
MOT16-09 58.13 82.09 51.81 54.33 49.51 75.10 82.40  3948   843  1309 36.00 60.00  4.00   9  15   1 1.61  173  2.30  49   0.7 
MOT16-10 50.80 74.95 52.02 63.19 44.21 60.85 86.96  7495  1124  4823 25.93 51.85 20.37  14  28  11 1.72  591  9.71 113   1.9 
MOT16-11 56.99 83.89 46.88 47.16 46.61 78.16 79.08  7170  1897  2004 47.83 43.48  8.70  33  30   6 2.11  266  3.40  45   0.6 
MOT16-13 30.24 68.13 38.44 51.92 30.52 45.10 76.73  5164  1566  6286 11.21 56.07 32.71  12  60  35 2.09  451 10.00 136   3.0 
OVERALL  51.05 76.55 53.45 61.74 47.13 63.99 83.83 70645 13629 39762 29.59 47.78 19.34 153 247 100 2.56 2715 42.43 652  10.2 


change ckpt.t7(Acc=89.08)

         MOTA  MOTP  IDF1  IDP   IDR   Rcll  Prcn  TP    FP    FN    MTR   PTR   MLR   MT  PT  ML  FAR  FM   FMR   IDSW IDSWR
MOT16-02 34.23 76.83 36.92 60.35 26.59 39.56 89.77  7054   804 10779 16.67 33.33 42.59   9  18  23 1.34  257  6.50 145   3.7 
MOT16-04 61.07 76.12 67.61 73.41 62.66 73.32 85.90 34870  5724 12687 42.17 26.51 18.07  35  22  15 5.45  490  6.68 101   1.4 
MOT16-05 55.22 76.40 64.66 72.83 58.14 68.32 85.58  4658   785  2160 32.80 56.00 11.20  41  70  14 0.94  171  2.50 108   1.6 
MOT16-09 58.15 82.35 54.90 58.35 51.84 74.15 83.47  3898   772  1359 48.00 48.00  4.00  12  12   1 1.47  109  1.47  69   0.9 
MOT16-10 52.50 75.05 53.18 66.47 44.32 60.07 90.10  7400   813  4918 25.93 55.56 18.52  14  30  10 1.24  434  7.22 120   2.0 
MOT16-11 62.88 84.12 65.13 67.20 63.18 78.69 83.70  7219  1406  1955 47.83 37.68 14.49  33  26  10 1.56  120  1.52  44   0.6 
MOT16-13 31.03 68.47 45.24 64.02 34.98 43.38 79.40  4967  1289  6483 10.28 57.01 32.71  11  61  35 1.72  296  6.82 125   2.9 
OVERALL  52.32 76.73 58.82 69.18 51.17 63.46 85.80 70066 11593 40341 29.98 46.23 20.89 155 239 108 2.18 1877 29.58 712  11.2 

