original crowdhuman_yolov5m.pt  ckpt.t7  --class 0

         MOTA  MOTP  IDF1  IDP   IDR   Rcll  Prcn  TP    FP    FN    MTR   PTR   MLR   MT  PT  ML  FAR  FM   FMR   IDSW IDSWR
MOT16-02 33.64 76.37 35.17 55.49 25.74 40.40 87.09  7205  1068 10628 12.96 38.89 40.74   7  21  22 1.78  402  9.95 138   3.4 
MOT16-04 60.66 76.07 65.39 70.71 60.82 73.43 85.37 34921  5983 12636 39.76 30.12 15.66  33  25  13 5.70  540  7.35  90   1.2 
MOT16-05 51.53 76.30 42.51 45.86 39.62 69.55 80.51  4742  1148  2076 36.00 54.40  9.60  45  68  12 1.37  292  4.20  81   1.2 
MOT16-09 58.13 82.09 51.81 54.33 49.51 75.10 82.40  3948   843  1309 36.00 60.00  4.00   9  15   1 1.61  173  2.30  49   0.7 
MOT16-10 50.80 74.95 52.02 63.19 44.21 60.85 86.96  7495  1124  4823 25.93 51.85 20.37  14  28  11 1.72  591  9.71 113   1.9 
MOT16-11 56.99 83.89 46.88 47.16 46.61 78.16 79.08  7170  1897  2004 47.83 43.48  8.70  33  30   6 2.11  266  3.40  45   0.6 
MOT16-13 30.24 68.13 38.44 51.92 30.52 45.10 76.73  5164  1566  6286 11.21 56.07 32.71  12  60  35 2.09  451 10.00 136   3.0 
OVERALL  51.05 76.55 53.45 61.74 47.13 63.99 83.83 70645 13629 39762 29.59 47.78 19.34 153 247 100 2.56 2715 42.43 652  10.2 

